-0.123, -0.88
4.064, 16.12
8.249, -6.88
12.43, 43.12
16.607, 62.12
20.781, 88.12
24.951, 114.12
29.118, 126.12
33.282, 153.12
37.442, 122.12
41.599, 165.12
45.752, 160.12
49.902, 173.12
54.048, 199.12
58.191, 200.12
62.331, 214.12
66.467, 235.12
70.6, 259.12
74.73, 274.12
78.856, 260.12
82.978, 272.12
87.098, 312.12
91.214, 313.12
95.326, 330.12
99.435, 351.12
103.541, 356.12
107.644, 354.12
111.743, 408.12
115.838, 421.12
119.931, 496.12
124.02, 499.12
128.105, 552.12
132.188, 579.12
136.267, 661.12
140.342, 699.12
144.415, 777.12
148.484, 859.12
152.549, 912.12
156.612, 988.12
160.671, 1083.12
164.727, 1182.12
168.779, 1332.12
172.828, 1495.12
176.874, 1677.12
180.917, 1876.12
184.956, 2288.12
188.992, 2846.12
193.025, 3712.12
197.054, 5512.12
201.08, 9042.12
205.103, 16260.12
209.123, 29782.12
213.139, 51747.12
217.152, 82373.12
221.162, 116350.12
225.168, 145577.12
229.172, 164946.12
233.172, 172740.12
237.169, 174832.12
241.162, 174478.12
245.153, 173478.12
249.14, 173258.12
253.124, 173043.12
257.104, 172658.12
261.082, 171891.12
265.056, 170988.12
269.027, 169539.12
272.995, 168080.12
276.96, 166732.12
280.921, 165237.12
284.879, 163848.12
288.835, 162805.12
292.786, 161779.12
296.735, 161188.12
300.681, 160859.12
304.623, 160470.12
308.562, 159351.12
312.498, 158529.12
316.431, 156910.12
320.361, 155311.12
324.287, 154127.12
328.21, 152844.12
332.131, 151193.12
336.048, 150072.12
339.962, 148588.12
343.872, 147571.12
347.78, 146870.12
351.684, 145808.12
355.586, 144399.12
359.484, 142890.12
363.379, 141599.12
367.271, 139815.12
371.16, 138899.12
375.046, 137810.12
378.928, 137240.12
382.808, 136434.12
386.684, 136296.12
390.558, 135274.12
394.428, 135373.12
398.295, 134535.12
402.159, 133859.12
406.02, 133638.12
409.878, 132850.12
413.733, 131518.12
417.585, 130302.12
421.433, 128243.12
425.279, 126641.12
429.122, 125126.12
432.961, 123256.12
436.798, 121935.12
440.631, 120425.12
444.461, 119130.12
448.289, 118082.12
452.113, 117293.12
455.934, 116668.12
459.752, 116341.12
463.567, 115811.12
467.38, 115439.12
471.189, 115105.12
474.995, 114654.12
478.798, 114362.12
482.598, 114446.12
486.395, 114149.12
490.189, 113973.12
493.98, 113663.12
497.768, 113532.12
501.553, 113169.12
505.335, 112807.12
509.114, 112316.12
512.89, 111584.12
516.663, 111254.12
520.433, 111402.12
524.2, 112501.12
527.965, 111639.12
531.726, 108930.12
535.484, 106316.12
539.239, 104869.12
542.992, 103954.12
546.741, 102582.12
550.487, 101512.12
554.231, 100769.12
557.971, 99279.12
561.709, 98384.12
565.443, 97920.12
569.175, 97216.12
572.904, 96545.12
576.629, 96044.12
580.352, 95878.12
584.072, 96026.12
587.789, 95963.12
591.503, 96187.12
595.214, 96356.12
598.923, 96584.12
602.628, 97063.12
606.331, 97268.12
610.03, 97706.12
613.727, 97771.12
617.421, 98077.12
621.111, 98612.12
624.799, 99322.12
628.485, 99922.12
632.167, 100191.12
635.846, 100208.12
639.523, 99696.12
643.196, 98995.12
646.867, 98874.12
650.535, 98458.12
654.2, 98588.12
657.862, 98329.12
661.521, 98581.12
665.178, 98567.12
668.831, 98502.12
672.482, 98336.12
676.13, 97450.12
679.775, 96293.12
683.417, 95217.12
687.056, 94275.12
690.693, 93663.12
694.327, 94292.12
697.958, 95355.12
701.586, 97051.12
705.211, 98601.12
708.833, 100481.12
712.453, 102462.12
716.07, 104255.12
719.684, 105635.12
723.295, 106444.12
726.903, 107085.12
730.509, 107826.12
734.112, 109767.12
737.712, 111973.12
741.309, 115161.12
744.903, 118259.12
748.495, 121273.12
752.084, 123934.12
755.67, 125617.12
759.253, 126350.12
762.834, 126659.12
766.412, 126939.12
769.987, 127610.12
773.559, 128632.12
777.129, 130127.12
780.695, 130272.12
784.26, 128572.12
787.821, 125668.12
791.379, 123733.12
794.935, 122305.12
798.488, 121000.12
802.038, 118169.12
805.586, 114430.12
809.131, 111366.12
812.673, 109114.12
816.212, 108217.12
819.749, 107438.12
823.283, 106512.12
826.814, 105198.12
830.343, 103551.12
833.869, 101993.12
837.392, 100324.12
840.912, 99200.12
844.43, 98670.12
847.945, 98242.12
851.457, 97488.12
854.967, 97016.12
858.474, 96407.12
861.978, 95658.12
865.48, 95302.12
868.979, 95724.12
872.475, 96997.12
875.968, 99050.12
879.459, 101087.12
882.947, 101583.12
886.433, 99552.12
889.916, 96816.12
893.396, 94081.12
896.874, 93148.12
900.349, 94017.12
903.821, 97399.12
907.29, 107062.12
910.757, 115468.12
914.222, 116426.12
917.683, 113728.12
921.142, 103107.12
924.599, 99133.12
928.053, 98230.12
931.504, 97941.12
934.952, 98998.12
938.398, 101271.12
941.841, 103620.12
945.282, 104207.12
948.72, 102287.12
952.156, 100476.12
955.588, 99359.12
959.019, 99715.12
962.446, 100942.12
965.871, 104120.12
969.294, 109872.12
972.714, 116414.12
976.131, 121707.12
979.546, 123380.12
982.958, 122973.12
986.367, 124811.12
989.774, 128526.12
993.178, 129840.12
996.58, 127931.12
999.979, 122964.12
1003.376, 116184.12
1006.77, 108697.12
1010.161, 100535.12
1013.55, 93170.12
1016.937, 87633.12
1020.321, 84527.12
1023.702, 84722.12
1027.08, 86392.12
1030.457, 87497.12
1033.83, 86775.12
1037.201, 82598.12
1040.57, 76702.12
1043.936, 71803.12
1047.299, 68358.12
1050.66, 66945.12
1054.019, 66367.12
1057.375, 66659.12
1060.728, 66834.12
1064.079, 67608.12
1067.427, 69125.12
1070.773, 69016.12
1074.116, 68213.12
1077.457, 66604.12
1080.795, 66156.12
1084.131, 65718.12
1087.464, 66088.12
1090.795, 66554.12
1094.123, 67329.12
1097.449, 66843.12
1100.772, 66029.12
1104.093, 65790.12
1107.411, 66034.12
1110.727, 66374.12
1114.041, 65872.12
1117.351, 64793.12
1120.66, 63674.12
1123.966, 62349.12
1127.269, 61675.12
1130.57, 61550.12
1133.869, 61725.12
1137.165, 62437.12
1140.458, 63311.12
1143.75, 64576.12
1147.038, 65852.12
1150.324, 67640.12
1153.608, 69563.12
1156.89, 72391.12
1160.168, 75336.12
1163.445, 79013.12
1166.719, 83513.12
1169.991, 89218.12
1173.26, 95087.12
1176.526, 98778.12
1179.791, 101253.12
1183.053, 101918.12
1186.312, 101398.12
1189.569, 98760.12
1192.824, 96561.12
1196.076, 94890.12
1199.326, 94733.12
1202.573, 97114.12
1205.818, 103531.12
1209.06, 114353.12
1212.301, 126865.12
1215.538, 136007.12
1218.774, 136645.12
1222.007, 129376.12
1225.237, 118097.12
1228.465, 105989.12
1231.691, 96149.12
1234.914, 88122.12
1238.135, 81374.12
1241.354, 75316.12
1244.57, 69552.12
1247.784, 64442.12
1250.996, 60649.12
1254.205, 58216.12
1257.411, 57001.12
1260.616, 56200.12
1263.818, 55608.12
1267.018, 54653.12
1270.215, 54012.12
1273.41, 53262.12
1276.602, 53036.12
1279.793, 52978.12
1282.981, 53151.12
1286.166, 52280.12
1289.349, 51155.12
1292.53, 49424.12
1295.709, 47785.12
1298.885, 46464.12
1302.059, 45410.12
1305.23, 44661.12
1308.399, 44578.12
1311.566, 45319.12
1314.731, 46381.12
1317.893, 48191.12
1321.053, 49617.12
1324.21, 50313.12
1327.366, 51598.12
1330.519, 54286.12
1333.669, 58253.12
1336.818, 63222.12
1339.964, 69654.12
1343.107, 80176.12
1346.249, 98512.12
1349.388, 124447.12
1352.525, 150764.12
1355.659, 167753.12
1358.792, 171014.12
1361.922, 165597.12
1365.049, 155248.12
1368.175, 145577.12
1371.298, 137491.12
1374.419, 128863.12
1377.537, 118030.12
1380.653, 105687.12
1383.767, 93092.12
1386.879, 81238.12
1389.989, 71015.12
1393.096, 62187.12
1396.201, 55313.12
1399.303, 50066.12
1402.404, 46359.12
1405.502, 43468.12
1408.598, 41300.12
1411.691, 39285.12
1414.783, 37716.12
1417.872, 36248.12
1420.959, 35242.12
1424.044, 34112.12
1427.126, 33240.12
1430.206, 32983.12
1433.284, 32562.12
1436.36, 32351.12
1439.433, 32326.12
1442.505, 32434.12
1445.574, 32125.12
1448.64, 31609.12
1451.705, 30868.12
1454.767, 30025.12
1457.828, 29616.12
1460.885, 28958.12
1463.941, 28562.12
1466.995, 28226.12
1470.046, 28075.12
1473.095, 27641.12
1476.142, 27514.12
1479.187, 27195.12
1482.229, 27150.12
1485.27, 26851.12
1488.308, 26793.12
1491.344, 26702.12
1494.377, 26789.12
1497.409, 27372.12
1500.438, 27802.12
1503.465, 28148.12
1506.49, 27418.12
1509.513, 26677.12
1512.534, 26629.12
1515.552, 27462.12
1518.568, 28914.12
1521.582, 29829.12
1524.594, 29742.12
1527.604, 28154.12
1530.612, 26603.12
1533.617, 25640.12
1536.62, 25395.12
1539.622, 25697.12
1542.621, 26189.12
1545.617, 26806.12
1548.612, 27282.12
1551.605, 27965.12
1554.595, 29151.12
1557.583, 31313.12
1560.569, 35587.12
1563.553, 42455.12
1566.535, 53393.12
1569.515, 68078.12
1572.492, 82718.12
1575.468, 91425.12
1578.441, 88684.12
1581.412, 75890.12
1584.381, 59725.12
1587.348, 46604.12
1590.313, 37913.12
1593.275, 32382.12
1596.236, 28868.12
1599.194, 26385.12
1602.151, 24631.12
1605.105, 23257.12
1608.057, 22588.12
1611.007, 21793.12
1613.955, 21392.12
1616.901, 20846.12
1619.844, 20591.12
1622.786, 20376.12
1625.725, 20072.12
1628.663, 19985.12
1631.598, 19893.12
1634.531, 19772.12
1637.462, 19645.12
1640.391, 19861.12
1643.318, 20126.12
1646.243, 20709.12
1649.166, 21665.12
1652.087, 22959.12
1655.005, 24902.12
1657.922, 27211.12
1660.836, 29759.12
1663.749, 32141.12
1666.659, 33713.12
1669.568, 34346.12
1672.474, 33611.12
1675.378, 31365.12
1678.28, 28396.12
1681.18, 25502.12
1684.078, 22602.12
1686.974, 20458.12
1689.868, 18936.12
1692.76, 18064.12
1695.65, 17484.12
1698.538, 17042.12
1701.423, 16570.12
1704.307, 16362.12
1707.189, 16048.12
1710.068, 15849.12
1712.946, 15631.12
1715.821, 15506.12
1718.695, 15325.12
1721.566, 15135.12
1724.436, 15102.12
1727.303, 14918.12
1730.169, 14698.12
1733.032, 14598.12
1735.893, 14428.12
1738.753, 14370.12
1741.61, 14269.12
1744.465, 14031.12
1747.319, 13893.12
1750.17, 13968.12
1753.019, 13737.12
1755.867, 13554.12
1758.712, 13514.12
1761.555, 13526.12
1764.397, 13466.12
1767.236, 13378.12
1770.073, 13361.12
1772.908, 13322.12
1775.742, 13326.12
1778.573, 13192.12
1781.403, 13190.12
1784.23, 13059.12
1787.055, 12979.12
1789.879, 13079.12
1792.7, 12857.12
1795.52, 12675.12
1798.337, 12658.12
1801.153, 12617.12
1803.966, 12348.12
1806.778, 12208.12
1809.587, 12196.12
1812.395, 11941.12
1815.2, 11881.12
1818.004, 11828.12
1820.806, 11677.12
1823.606, 11648.12
1826.404, 11576.12
1829.199, 11453.12
1831.993, 11448.12
1834.785, 11362.12
1837.575, 11424.12
1840.363, 11407.12
1843.15, 11332.12
1845.934, 11372.12
1848.716, 11337.12
1851.496, 11342.12
1854.275, 11348.12
1857.051, 11250.12
1859.826, 11199.12
1862.598, 10930.12
1865.369, 10955.12
1868.137, 10760.12
1870.904, 10826.12
1873.669, 10750.12
1876.432, 10649.12
1879.193, 10559.12
1881.952, 10437.12
1884.709, 10476.12
1887.465, 10419.12
1890.218, 10348.12
1892.969, 10287.12
1895.719, 10263.12
1898.467, 10185.12
1901.212, 10156.12
1903.956, 10042.12
1906.698, 10050.12
1909.438, 9974.12
1912.176, 9893.12
1914.913, 9837.12
1917.647, 9692.12
1920.379, 9601.12
1923.11, 9612.12
1925.838, 9525.12
1928.565, 9415.12
1931.29, 9363.12
1934.013, 9271.12
1936.734, 9218.12
1939.454, 9188.12
1942.171, 9181.12
1944.886, 9175.12
1947.6, 9075.12
1950.312, 9157.12
1953.022, 9086.12
1955.73, 9077.12
1958.436, 9005.12
1961.14, 8992.12
1963.842, 9033.12
1966.543, 9017.12
1969.242, 9039.12
1971.938, 9016.12
1974.633, 9061.12
1977.327, 9063.12
1980.018, 8998.12
1982.707, 8849.12
1985.395, 8933.12
1988.081, 8808.12
1990.764, 8806.12
1993.446, 8642.12
1996.127, 8662.12
1998.805, 8578.12
2001.481, 8461.12
2004.156, 8398.12
2006.829, 8310.12
2009.5, 8378.12
2012.169, 8276.12
2014.836, 8273.12
2017.502, 8177.12
2020.166, 8205.12
2022.827, 8194.12
2025.487, 8150.12
2028.146, 8171.12
2030.802, 8267.12
2033.457, 8106.12
2036.109, 8197.12
2038.76, 8071.12
2041.409, 8089.12
2044.057, 8121.12
2046.702, 8051.12
2049.346, 7968.12
2051.988, 7921.12
2054.628, 7896.12
2057.266, 7933.12
2059.903, 7841.12
2062.537, 7747.12
2065.17, 7798.12
2067.801, 7917.12
2070.431, 7795.12
2073.058, 7849.12
2075.684, 7791.12
2078.308, 7746.12
2080.93, 7828.12
2083.55, 7919.12
2086.169, 7870.12
2088.786, 7855.12
2091.401, 7853.12
2094.014, 7921.12
2096.625, 7822.12
2099.235, 7929.12
2101.843, 7868.12
2104.449, 8000.12
2107.053, 8056.12
2109.656, 8009.12
2112.257, 8021.12
2114.856, 8127.12
2117.453, 8042.12
2120.049, 7901.12
2122.642, 7757.12
2125.234, 7695.12
2127.825, 7659.12
2130.413, 7626.12
2133, 7450.12
2135.585, 7308.12
2138.168, 7257.12
2140.749, 7229.12
2143.329, 7152.12
2145.907, 7146.12
2148.483, 7103.12
2151.058, 7064.12
2153.631, 7085.12
2156.202, 6977.12
2158.771, 6982.12
2161.339, 6964.12
2163.904, 7033.12
2166.468, 6921.12
2169.031, 6846.12
2171.591, 6844.12
2174.15, 6759.12
2176.707, 6765.12
2179.263, 6736.12
2181.817, 6689.12
2184.369, 6618.12
2186.919, 6611.12
2189.467, 6485.12
2192.014, 6457.12
2194.559, 6421.12
2197.103, 6381.12
2199.645, 6396.12
2202.185, 6293.12
2204.723, 6311.12
2207.259, 6213.12
2209.794, 6200.12
2212.327, 6277.12
2214.859, 6172.12
2217.389, 6081.12
2219.917, 6107.12
2222.443, 6090.12
2224.968, 6019.12
2227.491, 5938.12
2230.012, 5942.12
2232.532, 5899.12
2235.049, 5890.12
2237.566, 5801.12
2240.08, 5785.12
2242.593, 5815.12
2245.104, 5724.12
2247.614, 5685.12
2250.121, 5690.12
2252.628, 5680.12
2255.132, 5576.12
2257.635, 5595.12
2260.136, 5584.12
2262.635, 5552.12
2265.133, 5536.12
2267.629, 5526.12
2270.123, 5563.12
2272.616, 5537.12
2275.107, 5569.12
2277.597, 5553.12
2280.084, 5483.12
2282.57, 5469.12
2285.055, 5483.12
2287.538, 5308.12
2290.019, 5485.12
2292.498, 5308.12
2294.976, 5323.12
2297.452, 5291.12
2299.927, 5305.12
2302.399, 5233.12
2304.871, 5229.12
2307.34, 5236.12
2309.808, 5170.12
2312.274, 5049.12
2314.739, 5164.12
2317.202, 5202.12
2319.663, 5069.12
2322.123, 5054.12
2324.581, 5038.12
2327.038, 5067.12
2329.492, 5052.12
2331.946, 5020.12
2334.397, 5119.12
2336.847, 5028.12
2339.295, 5142.12
2341.742, 5056.12
2344.187, 5095.12
2346.631, 5120.12
2349.072, 5165.12
2351.513, 5190.12
2353.951, 5192.12
2356.388, 5232.12
2358.823, 5228.12
2361.257, 5173.12
2363.689, 5223.12
2366.12, 5209.12
2368.549, 5160.12
2370.976, 5079.12
2373.402, 5052.12
2375.826, 5060.12
2378.248, 4997.12
2380.669, 5017.12
2383.088, 4917.12
2385.506, 4805.12
2387.922, 4813.12
2390.337, 4752.12
2392.75, 4775.12
2395.161, 4738.12
2397.571, 4667.12
2399.979, 4635.12
2402.385, 4623.12
2404.79, 4601.12
2407.194, 4555.12
2409.595, 4567.12
2411.996, 4438.12
2414.394, 4516.12
2416.791, 4543.12
2419.187, 4517.12
2421.581, 4509.12
2423.973, 4483.12
2426.364, 4485.12
2428.753, 4487.12
2431.14, 4457.12
2433.526, 4470.12
2435.911, 4503.12
2438.294, 4495.12
2440.675, 4451.12
2443.055, 4463.12
2445.433, 4486.12
2447.81, 4537.12
2450.185, 4514.12
2452.558, 4527.12
2454.93, 4526.12
2457.301, 4664.12
2459.669, 4653.12
2462.037, 4654.12
2464.402, 4658.12
2466.767, 4717.12
2469.129, 4783.12
2471.49, 4801.12
2473.85, 4830.12
2476.208, 4892.12
2478.564, 4859.12
2480.919, 4886.12
2483.273, 4948.12
2485.625, 4907.12
2487.975, 5037.12
2490.324, 5065.12
2492.671, 5044.12
2495.017, 5036.12
2497.361, 5099.12
2499.703, 5087.12
2502.044, 5092.12
2504.384, 5108.12
2506.722, 5144.12
2509.059, 5251.12
2511.394, 5271.12
2513.727, 5348.12
2516.059, 5450.12
2518.39, 5474.12
2520.718, 5618.12
2523.046, 5638.12
2525.372, 5719.12
2527.696, 5877.12
2530.019, 5864.12
2532.34, 5984.12
2534.66, 6031.12
2536.978, 6068.12
2539.295, 6146.12
2541.611, 6129.12
2543.924, 6131.12
2546.237, 6112.12
2548.548, 6144.12
2550.857, 6106.12
2553.165, 6171.12
2555.471, 6342.12
2557.776, 6193.12
2560.079, 6298.12
2562.381, 6358.12
2564.681, 6360.12
2566.98, 6381.12
2569.277, 6481.12
2571.573, 6458.12
2573.868, 6553.12
2576.16, 6536.12
2578.452, 6659.12
2580.742, 6693.12
2583.03, 6854.12
2585.317, 6907.12
2587.603, 6937.12
2589.887, 7050.12
2592.169, 7139.12
2594.45, 7211.12
2596.73, 7294.12
2599.008, 7373.12
2601.284, 7458.12
2603.56, 7559.12
2605.833, 7660.12
2608.105, 7667.12
2610.376, 7867.12
2612.645, 7874.12
2614.913, 8010.12
2617.18, 8112.12
2619.444, 8142.12
2621.708, 8278.12
2623.97, 8399.12
2626.23, 8484.12
2628.489, 8572.12
2630.747, 8660.12
2633.003, 8727.12
2635.258, 8910.12
2637.511, 9197.12
2639.763, 9481.12
2642.013, 9773.12
2644.262, 10089.12
2646.509, 10379.12
2648.755, 10767.12
2651, 11064.12
2653.243, 11320.12
2655.485, 11632.12
2657.725, 11842.12
2659.964, 12035.12
2662.201, 12070.12
2664.437, 12030.12
2666.671, 11873.12
2668.905, 11557.12
2671.136, 11203.12
2673.366, 10581.12
2675.595, 10019.12
2677.822, 9562.12
2680.048, 9057.12
2682.273, 8603.12
2684.496, 8228.12
2686.717, 7865.12
2688.938, 7602.12
2691.156, 7370.12
2693.374, 7119.12
2695.59, 6957.12
2697.804, 6760.12
2700.017, 6724.12
2702.229, 6682.12
2704.439, 6604.12
2706.648, 6544.12
2708.855, 6578.12
2711.061, 6718.12
2713.266, 6733.12
2715.469, 6780.12
2717.671, 6891.12
2719.871, 7088.12
2722.07, 7308.12
2724.268, 7493.12
2726.464, 7750.12
2728.659, 7910.12
2730.852, 8315.12
2733.044, 8630.12
2735.235, 8972.12
2737.424, 9287.12
2739.612, 9757.12
2741.798, 10131.12
2743.983, 10515.12
2746.167, 11038.12
2748.349, 11606.12
2750.53, 12432.12
2752.709, 13181.12
2754.888, 14071.12
2757.064, 15318.12
2759.24, 16668.12
2761.413, 18310.12
2763.586, 20154.12
2765.757, 22485.12
2767.927, 25231.12
2770.095, 28288.12
2772.262, 31856.12
2774.428, 36212.12
2776.592, 41491.12
2778.755, 48286.12
2780.917, 56539.12
2783.077, 66740.12
2785.236, 77141.12
2787.393, 86821.12
2789.549, 93272.12
2791.704, 96516.12
2793.857, 96649.12
2796.009, 95063.12
2798.16, 92681.12
2800.309, 89704.12
2802.457, 87330.12
2804.603, 85391.12
2806.748, 84368.12
2808.892, 84247.12
2811.035, 84608.12
2813.176, 85103.12
2815.315, 85178.12
2817.454, 85901.12
2819.591, 86846.12
2821.726, 88385.12
2823.861, 89536.12
2825.994, 91109.12
2828.125, 92050.12
2830.256, 92440.12
2832.385, 92370.12
2834.512, 92143.12
2836.638, 91452.12
2838.763, 90822.12
2840.887, 90021.12
2843.009, 89106.12
2845.13, 87947.12
2847.25, 86744.12
2849.368, 85638.12
2851.485, 84266.12
2853.6, 83107.12
2855.714, 81860.12
2857.827, 80465.12
2859.939, 79467.12
2862.049, 78263.12
2864.158, 77558.12
2866.266, 76210.12
2868.372, 75328.12
2870.477, 73892.12
2872.58, 72043.12
2874.683, 69950.12
2876.784, 67553.12
2878.883, 64347.12
2880.982, 60589.12
2883.079, 56684.12
2885.174, 52549.12
2887.269, 48911.12
2889.362, 45529.12
2891.454, 42706.12
2893.544, 40284.12
2895.633, 38505.12
2897.721, 36398.12
2899.807, 34376.12
2901.893, 32716.12
2903.977, 30804.12
2906.059, 28876.12
2908.14, 26889.12
2910.22, 25021.12
2912.299, 23287.12
2914.376, 21687.12
2916.453, 20233.12
2918.527, 19053.12
2920.601, 17868.12
2922.673, 16906.12
2924.744, 15934.12
2926.813, 15234.12
2928.882, 14674.12
2930.949, 14172.12
2933.015, 14004.12
2935.079, 13883.12
2937.142, 13978.12
2939.204, 14274.12
2941.265, 14635.12
2943.324, 14893.12
2945.382, 15283.12
2947.439, 15353.12
2949.494, 15042.12
2951.548, 14494.12
2953.601, 13829.12
2955.653, 12844.12
2957.703, 11716.12
2959.752, 10806.12
2961.8, 9882.12
2963.846, 8961.12
2965.891, 8231.12
2967.935, 7654.12
2969.978, 7082.12
2972.019, 6671.12
2974.06, 6286.12
2976.098, 5969.12
2978.136, 5685.12
2980.172, 5391.12
2982.207, 5139.12
2984.241, 4977.12
2986.274, 4811.12
2988.305, 4771.12
2990.335, 4676.12
2992.364, 4643.12
2994.391, 4446.12
2996.417, 4327.12
2998.442, 4073.12
3000.466, 4078.12
3002.489, 3774.12
3004.51, 3649.12
3006.53, 3452.12
3008.548, 3233.12
3010.566, 3012.12
3012.582, 2767.12
3014.597, 2525.12
3016.611, 2362.12
3018.623, 2082.12
3020.634, 0.12
3022.644, -1.88
3024.653, 3.12
